    Shot Number  Hold Stability (seconds)  Aim Accuracy (mm)  Trigger Precision (ms)  Resultant Impact (mm)  Competition Score
0             1                  2.649014          -1.203413              140.416515               0.485388           9.514612
1             2                  2.458521           3.704556              146.286820               4.843225           5.156775
2             3                  2.694307          -0.026994              127.873301              -3.510265           6.489735
3             4                  2.956909          -2.115422              126.075868              -1.638311           8.361689
4             5                  2.429754           1.645090              166.250516              -1.960541           8.039459
5             6                  2.429759          -2.441687              177.124801              -7.317575           2.682425
6             7                  2.973764           0.417727              148.559798               1.480601           8.519399
7             8                  2.730230          -3.919340              170.070658               1.305276           8.694724
8             9                  2.359158          -2.656372              157.232721               0.025567           9.974433
9            10                  2.662768           0.393722              137.097605              -1.172936           8.827064
10           11                  2.360975           1.476933              157.227912              -7.076854           2.923146
11           12                  2.360281           0.342737              180.760731              -2.103227           7.896773
12           13                  2.572589          -0.231297              149.283479              -1.713573           8.286427
13           14                  1.926016          -0.602207              181.292873              -4.011386           5.988614
14           15                  1.982525          -2.957044               97.605098              -0.806429           9.193571
15           16                  2.331314          -1.439688              166.438050               2.020254           7.979746
16           17                  2.196151          -0.921278              151.740941               9.430930           0.569070
17           18                  2.594274           2.114244              144.019853               0.872889           9.127111
18           19                  2.227593           0.687237              151.835216               1.287752           8.712248
19           20                  2.076309          -3.526080              110.248622              -0.372230           9.627770
20           21                  2.939695           0.648168              145.606562              -9.593856           0.406144
21           22                  2.432267          -0.770165              157.142251              -0.132569           9.867431
22           23                  2.520258          -1.353844              179.557881               0.301151           9.698849
23           24                  2.072576           1.223353              139.634596              12.316211           0.000000
24           25                  2.336685           2.061999              133.830128              -0.961805           9.038195
25           26                  2.533277           1.862560              139.964859               1.507737           8.492263
26           27                  2.154702          -1.678435              168.308042              -0.173559           9.826441
27           28                  2.612709          -0.618425              156.575022              -5.843390           4.156610
28           29                  2.319808           0.662527              139.404796               5.714114           4.285886
29           30                  2.412492           1.951090              160.265349               3.759665           6.240335
